.Random.seed <-
c(403L, 1L, 1073998748L, 1168530930L, -1901819795L, 393544103L, 
-1479666738L, 670357800L, -582718677L, 515049801L, 1962303064L, 
-866988282L, 309172961L, 229592691L, -849340702L, 742263380L, 
-366062761L, -1116940467L, -1412404508L, 1510765258L, 1452313397L, 
-1557134961L, -1974438250L, -1728768448L, 1449832195L, 1966761761L, 
-1234030576L, -227006482L, -2069968999L, 828547115L, -934955750L, 
-963184676L, -621651489L, 432176565L, -1987359924L, -80860766L, 
-1915066115L, 1671509495L, 681890590L, 837766616L, -1583831237L, 
-226488103L, -185451416L, -541130346L, -1527234287L, -361336125L, 
-842233134L, -1240007836L, -15044953L, -2115250179L, 207098356L, 
1460084442L, -997007323L, -1351684801L, -1020960058L, 1845612368L, 
466177907L, -25931375L, -260340800L, -240835170L, 261805929L, 
1893946267L, -1590240598L, -212159284L, -963949169L, -1470780987L, 
1811467644L, -933513774L, -820653747L, 1878479879L, 940614638L, 
-575526200L, 309921227L, 1141612585L, -1286076808L, -892648538L, 
290358721L, -1813659053L, 1884719362L, -1288552396L, 495286711L, 
-304222803L, -688871740L, 1231735530L, 2089299285L, 852648687L, 
1489010934L, 494657568L, 189489635L, -668015999L, -985330448L, 
1796227982L, -1897136903L, -325040501L, 2038822586L, 1974401468L, 
1787112191L, -1872572843L, -329033364L, -511587902L, -1033248227L, 
764754583L, 1949111294L, 2021945272L, 1625047963L, -648361479L, 
216799560L, 1660740726L, -208490063L, -854368285L, 1701838002L, 
345018628L, 104192583L, -1276764899L, 1181379476L, -439935174L, 
1210811269L, 1383544927L, 1900841702L, -630804112L, 817224339L, 
-1155857615L, 2053497312L, 1897485950L, 96951561L, 2144579387L, 
-1976113398L, 1747687148L, 733086575L, 1477850277L, -529308068L, 
-1680511438L, -426668755L, 1505573863L, 930331406L, -67732248L, 
1294833387L, 896759689L, -349027560L, -1866443194L, 1928283809L, 
-1900213965L, -334862174L, -759945324L, -1472461289L, 753709581L, 
-685488348L, 931463946L, -1941025163L, -328946225L, 531977942L, 
-993109376L, 876381379L, 431940193L, -804488496L, -1068999634L, 
-2090733095L, 1922297323L, -288495526L, 1822435868L, -1756640481L, 
1410219893L, 339273228L, -851066910L, 1938392253L, -387644617L, 
1635691486L, 587950360L, -506880901L, -837058023L, -1997348184L, 
334612566L, 402834641L, -1086340989L, 1912394514L, 477939364L, 
-1208716697L, 1334045629L, 558449972L, -1773617510L, 475172069L, 
-1524322689L, -1933068282L, 1776122768L, -229636557L, 1461589457L, 
-1094359168L, -802850210L, 253108649L, -542928805L, -1191262102L, 
-1686738676L, 87532367L, 1254457349L, 228581052L, -487360622L, 
-1043520371L, 418742983L, 1850307502L, -384717304L, 1826193931L, 
-985312535L, -1861526088L, 2009963110L, 2022893313L, 859361683L, 
724331074L, -343802380L, 338315255L, -1689043987L, 836408452L, 
309562026L, 1659789333L, -1147631441L, -1307146570L, 546067680L, 
-783321053L, 1954342721L, -1582396880L, 1474336846L, -442840903L, 
136641739L, -1785609862L, -393216900L, 643987647L, -1579758187L, 
-32797268L, 248432514L, -497529507L, -1571788848L, 1662001772L, 
1402015540L, 791202450L, 258263392L, 253516108L, 358301664L, 
1417160610L, -922783832L, -90074228L, -1300547908L, 750697330L, 
230398192L, 186200132L, 1632283992L, -1293884358L, 931240816L, 
135916604L, -1128205548L, -897818174L, 180448L, -1058904196L, 
-1549556016L, 1403598498L, 1608805416L, -1672818420L, 296573884L, 
147103026L, 153040832L, -554229196L, 401079240L, 835110074L, 
314511248L, -333890068L, 1671684180L, 2120191634L, -565619936L, 
1594512844L, 2136038368L, -534082878L, 460409384L, -1843616084L, 
1597254332L, -666011150L, 1355696432L, -1050469212L, 738036408L, 
-1520503974L, -1446939248L, 1784103292L, 1346655508L, -2006404798L, 
896187136L, 1268726716L, -446176432L, -1307649758L, 1454423368L, 
-40908788L, -1936670628L, 779259090L, 2052188160L, -331719852L, 
1675717096L, -647798790L, -617406768L, -928205524L, 130797812L, 
1319344018L, -478397344L, -230642420L, -1230102816L, 1472675170L, 
913404584L, -2000352692L, -514185348L, -114689230L, -192223632L, 
-508416700L, -950297640L, -362921862L, 769996336L, 1699394236L, 
-1846401196L, 1021907522L, -617139296L, 1234612412L, -838948400L, 
-1696287390L, 103570408L, 1810071500L, 251385596L, -1614028814L, 
-572306304L, 1732188404L, -1694002040L, -678034118L, 765551440L, 
-1885107092L, 801697940L, 117365074L, -1902197024L, 1048092876L, 
-2017726304L, -1129844350L, -704917272L, 153329900L, 373669948L, 
-1874714510L, -517355408L, 740448804L, -643816904L, -1566191078L, 
-860489520L, -696846788L, -2039360364L, 1484825730L, -1873219648L, 
-511167172L, -1229019504L, -1353335774L, -1564956664L, 1043248268L, 
-1242109924L, 309118098L, 358063232L, 625687572L, -1196084440L, 
10226746L, 1565899984L, -449737620L, 549402292L, 1928142866L, 
-218243104L, -15100980L, -967936544L, 846928930L, 1222251816L, 
-402472692L, -953409988L, -320088846L, 865188080L, -221436092L, 
401899608L, 766327354L, 1404512496L, 1219867324L, 301756948L, 
-1558033214L, -1333721504L, -499067524L, -1069470512L, 1751997474L, 
1820264616L, -1880310388L, 1383508412L, 2072688690L, 1606130496L, 
228157108L, 1580044616L, 1632436922L, -2080680176L, -1540396820L, 
-2079926188L, -18321646L, -82550368L, 1404866508L, 940685152L, 
-727599934L, 1127767592L, 2140506540L, -1533611204L, -413691022L, 
-2092230864L, 1782827044L, 1548213816L, 860566234L, -1056528496L, 
-645894916L, -1379953260L, -1240362174L, 120859136L, 1063520316L, 
978709072L, 624640162L, 1164088136L, -524074484L, -946351396L, 
-1733900206L, 490638464L, -1896763564L, -182755352L, 1554930426L, 
-1645527216L, -1693232084L, 114217332L, 1046107794L, -1951688096L, 
-1370417012L, -1152652960L, -275003166L, 1948058792L, 398319308L, 
-1818768900L, 388576178L, -557179920L, -1208940092L, -1171583656L, 
-730400390L, -429434448L, 785760700L, -1242108332L, -1353303614L, 
1928178464L, 618101692L, 93278288L, 1718838242L, 2087339880L, 
1615298380L, 1134784252L, 1730907890L, 1727868160L, -818420620L, 
-1061065208L, -75047494L, 1411212752L, 482217964L, 1035791252L, 
-1139592363L, -1046282958L, 686248192L, -924423703L, 673537115L, 
-817391956L, 298426554L, -139740561L, -417273863L, 462710414L, 
-654211236L, -1952523315L, 606067511L, -1579949632L, 331331230L, 
2006851435L, 798926573L, -1244458150L, -1583402984L, 1993743745L, 
878480179L, 1556461908L, -1657386142L, -1569527817L, 287819841L, 
590257350L, 1520114180L, -1404250699L, 1277487775L, 1601342200L, 
1018117846L, -928502941L, 1366090533L, 897528002L, 1441217968L, 
-182878759L, -1142523061L, -54974020L, 1629882858L, 1071844895L, 
925633705L, 1121129534L, 788294956L, 1373001597L, 861803975L, 
1948405936L, 505204430L, 637899771L, -822897571L, -1470313590L, 
1442282408L, 167246097L, 1421283331L, -643591420L, -751063246L, 
791301511L, 1864192977L, 1467592022L, -436305100L, -1118142907L, 
2066393743L, 1100375048L, 1903521830L, 2145251539L, -1084325323L, 
1208435090L, 1364452704L, -1618719543L, -2104528901L, 1979437004L, 
-10206630L, -1263255729L, 644247065L, 2053786670L, -1835036100L, 
1424437165L, -826480553L, 1385352608L, -1714594050L, 414334411L, 
1072737229L, -837787910L, -2035067592L, -1052393759L, -764505709L, 
-1129809484L, -1470518590L, 1729845975L, 1333136161L, -1763824922L, 
792185828L, 231140117L, -1028033729L, -831056168L, -143043850L, 
378137859L, 1052575301L, 1969176162L, 1586795984L, -1030495495L, 
-213594069L, -689463396L, -7581750L, 1030351039L, -1033709047L, 
-1512623330L, 1033583308L, 645378717L, -1312252121L, -132927152L, 
-975061010L, 1757946011L, -1570338051L, 1630925290L, -1484301688L, 
-1001706447L, -272179549L, 319952548L, -543377582L, 179052199L, 
-1075027215L, -1324864970L, -1135794476L, -389494171L, 1081297007L, 
-562156888L, -880674810L, -481118925L, 1975122325L, 1975895538L, 
834820672L, -1492569175L, -204296677L, 1808934892L, -1222307846L, 
-1456622545L, 1303708729L, 1070986830L, -1918105956L, 2005974029L, 
55541879L, 1218218112L, 603541214L, -978016853L, 181368493L, 
-248100070L, 2051208152L, 266055745L, -1879679245L, 1105985812L, 
